accuracy: 0.5480434782608695
precision: 0.5987124463519313
sensitivity: 0.549428909019299
specificity: 0.5463367297428433
fscore: 0.5730129390018485