accuracy: 0.6521739130434783
precision: 0.6696524543174489
sensitivity: 0.7338044758539458
specificity: 0.5509011203117389
fscore: 0.7002622705133008