accuracy: 0.7563971340839304
precision: 0.7176220806794055
sensitivity: 0.7629796839729119
specificity: 0.7509363295880149
fscore: 0.7396061269146608