accuracy: 0.9007164790174002
precision: 0.8962472406181016
sensitivity: 0.8903508771929824
specificity: 0.9097888675623801
fscore: 0.8932893289328933