accuracy: 0.7308085977482088
precision: 0.6875
sensitivity: 0.744920993227991
specificity: 0.7191011235955056
fscore: 0.7150595882990249