accuracy: 0.7175025588536336
precision: 0.6811279826464208
sensitivity: 0.708803611738149
specificity: 0.7247191011235955
fscore: 0.6946902654867256