accuracy: 0.7512794268167861
precision: 0.7024291497975709
sensitivity: 0.7832957110609481
specificity: 0.7247191011235955
fscore: 0.7406616862326575