accuracy: 0.676560900716479
precision: 0.6383442265795207
sensitivity: 0.6613995485327314
specificity: 0.6891385767790262
fscore: 0.6496674057649668