accuracy: 0.7338792221084954
precision: 0.6660617059891107
sensitivity: 0.8284424379232506
specificity: 0.6554307116104869
fscore: 0.7384305835010061