accuracy: 0.759467758444217
precision: 0.7260869565217392
sensitivity: 0.7539503386004515
specificity: 0.7640449438202247
fscore: 0.7397563676633445