accuracy: 0.7901740020470829
precision: 0.7438524590163934
sensitivity: 0.8194130925507901
specificity: 0.7659176029962547
fscore: 0.7798066595059077