accuracy: 0.6796315250767656
precision: 0.6504629629629629
sensitivity: 0.6343115124153499
specificity: 0.7172284644194756
fscore: 0.6422857142857142