accuracy: 0.7185261003070624
precision: 0.6561338289962825
sensitivity: 0.7968397291196389
specificity: 0.653558052434457
fscore: 0.7196738022426096