accuracy: 0.7686796315250768
precision: 0.7157057654075547
sensitivity: 0.8126410835214447
specificity: 0.7322097378277154
fscore: 0.7610993657505286