accuracy: 0.781985670419652
precision: 0.7467811158798283
sensitivity: 0.7855530474040632
specificity: 0.7790262172284644
fscore: 0.7656765676567657