accuracy: 0.509325681492109
precision: 0.46679965802222856
sensitivity: 0.6544147023571714
specificity: 0.3911487146111292
fscore: 0.5449101796407186