accuracy: 0.691914022517912
precision: 0.6479166666666667
sensitivity: 0.7020316027088036
specificity: 0.6835205992509363
fscore: 0.6738894907908993