accuracy: 0.7737973387922211
precision: 0.7331932773109243
sensitivity: 0.7878103837471784
specificity: 0.7621722846441947
fscore: 0.7595212187159955