accuracy: 0.7737973387922211
precision: 0.7126436781609196
sensitivity: 0.8397291196388262
specificity: 0.7191011235955056
fscore: 0.7709844559585493