accuracy: 0.5343478260869565
precision: 0.5854498493327593
sensitivity: 0.5356439543127215
specificity: 0.5327510917030568
fscore: 0.5594405594405594