accuracy: 0.7983623336745138
precision: 0.777027027027027
sensitivity: 0.7787810383747178
specificity: 0.8146067415730337
fscore: 0.7779030439684329