accuracy: 0.7871033776867963
precision: 0.7505330490405118
sensitivity: 0.7945823927765236
specificity: 0.7808988764044944
fscore: 0.7719298245614036