accuracy: 0.8955987717502559
precision: 0.9022727272727272
sensitivity: 0.8706140350877193
specificity: 0.9174664107485605
fscore: 0.8861607142857142