accuracy: 0.7103377686796315
precision: 0.6646090534979424
sensitivity: 0.7291196388261851
specificity: 0.6947565543071161
fscore: 0.6953713670613563