accuracy: 0.7125179340028694
precision: 0.7548596112311015
sensitivity: 0.5488810365135454
specificity: 0.8501155496863652
fscore: 0.6355989997726756