accuracy: 0.736949846468782
precision: 0.6852589641434262
sensitivity: 0.7765237020316027
specificity: 0.704119850187266
fscore: 0.728042328042328