accuracy: 0.4667391304347826
precision: 0.5567282321899736
sensitivity: 0.16620716817644743
specificity: 0.8369723435225619
fscore: 0.2559902942068547