accuracy: 0.7656090071647902
precision: 0.7336244541484717
sensitivity: 0.7584650112866818
specificity: 0.7715355805243446
fscore: 0.7458379578246392