accuracy: 0.5240532241555783
precision: 0.4772727272727273
sensitivity: 0.5214446952595937
specificity: 0.5262172284644194
fscore: 0.49838187702265374