accuracy: 0.7656090071647902
precision: 0.7238493723849372
sensitivity: 0.781038374717833
specificity: 0.7528089887640449
fscore: 0.751357220412595