accuracy: 0.8597748208802457
precision: 0.8415178571428571
sensitivity: 0.8510158013544018
specificity: 0.8670411985018727
fscore: 0.8462401795735128