accuracy: 0.6669655667144907
precision: 0.6375598086124402
sensitivity: 0.6277974087161367
specificity: 0.699900957411687
fscore: 0.6326409495548962