accuracy: 0.8741044012282497
precision: 0.8375527426160337
sensitivity: 0.8961625282167043
specificity: 0.8558052434456929
fscore: 0.8658669574700109