accuracy: 0.7840327533265097
precision: 0.7406639004149378
sensitivity: 0.8058690744920993
specificity: 0.7659176029962547
fscore: 0.771891891891892