accuracy: 0.6818507890961263
precision: 0.6778647031753336
sensitivity: 0.5783274440518257
specificity: 0.768900627269726
fscore: 0.6241525423728814