accuracy: 0.781985670419652
precision: 0.7446808510638298
sensitivity: 0.7900677200902935
specificity: 0.7752808988764045
fscore: 0.7667031763417306