accuracy: 0.8689866939611054
precision: 0.8492239467849224
sensitivity: 0.8645598194130926
specificity: 0.8726591760299626
fscore: 0.8568232662192394