accuracy: 0.8055271238485159
precision: 0.7792494481236203
sensitivity: 0.7968397291196389
specificity: 0.8127340823970037
fscore: 0.7879464285714286