accuracy: 0.6539130434782608
precision: 0.6834421820975797
sensitivity: 0.6984687868080094
specificity: 0.5986361422308817
fscore: 0.690873786407767