accuracy: 0.7901740020470829
precision: 0.7510548523206751
sensitivity: 0.8036117381489842
specificity: 0.7790262172284644
fscore: 0.7764449291166848