accuracy: 0.7830092118730808
precision: 0.7494600431965442
sensitivity: 0.7832957110609481
specificity: 0.7827715355805244
fscore: 0.7660044150110376