accuracy: 0.5656384505021521
precision: 0.5142255005268704
sensitivity: 0.5848981222532961
specificity: 0.5499511877643997
fscore: 0.5472897196261681