accuracy: 0.6810869565217391
precision: 0.6826792963464141
sensitivity: 0.7923046721633294
specificity: 0.5431076473453482
fscore: 0.7334181355624206