accuracy: 0.8884339815762539
precision: 0.967654986522911
sensitivity: 0.7872807017543859
specificity: 0.9769673704414588
fscore: 0.86819830713422