accuracy: 0.781985670419652
precision: 0.737603305785124
sensitivity: 0.8058690744920993
specificity: 0.7621722846441947
fscore: 0.7702265372168284