accuracy: 0.7308085977482088
precision: 0.6744186046511628
sensitivity: 0.7855530474040632
specificity: 0.6853932584269663
fscore: 0.7257559958289885