accuracy: 0.7830092118730808
precision: 0.7441860465116279
sensitivity: 0.7945823927765236
specificity: 0.7734082397003745
fscore: 0.7685589519650655